"(No Title)"
	"2026-01-"	"0 00:31:48"

" Result ID"	"Result Type"	"I Marker ID"	"J Marker ID"	"Result Title"
"coupler_XFORM"	"      Part"	"     (N/A)"	"     (N/A)"	"(No Comment)"

".Individual_Adams.Last_Run.coupler_XFORM.TIME"	".Individual_Adams.Last_Run.coupler_XFORM.X"	".Individual_Adams.Last_Run.coupler_XFORM.Y"	".Individual_Adams.Last_Run.coupler_XFORM.Z"	".Individual_Adams.Last_Run.coupler_XFORM.PSI"	".Individual_Adams.Last_Run.coupler_XFORM.THETA"	".Individual_Adams.Last_Run.coupler_XFORM.PHI"	".Individual_Adams.Last_Run.coupler_XFORM.VX"	".Individual_Adams.Last_Run.coupler_XFORM.VY"	".Individual_Adams.Last_Run.coupler_XFORM.VZ"	".Individual_Adams.Last_Run.coupler_XFORM.WX"	".Individual_Adams.Last_Run.coupler_XFORM.WY"	".Individual_Adams.Last_Run.coupler_XFORM.WZ"	".Individual_Adams.Last_Run.coupler_XFORM.ACCX"	".Individual_Adams.Last_Run.coupler_XFORM.ACCY"	".Individual_Adams.Last_Run.coupler_XFORM.ACCZ"	".Individual_Adams.Last_Run.coupler_XFORM.WDX"	".Individual_Adams.Last_Run.coupler_XFORM.WDY"	".Individual_Adams.Last_Run.coupler_XFORM.WDZ"
0.000000e+00	-2.842171e-14	9.237056e-14	2.842171e-14	4.447807e-15	0.000000e+00	0.000000e+00	0.000000e+00	0.000000e+00	0.000000e+00	-0.000000e+00	0.000000e+00	0.000000e+00	5.037199e+02	-1.965665e-14	-9.483627e+01	-1.553005e-15	-5.137776e+01	7.255640e-15
1.500000e-02	5.667033e-02	1.065814e-13	-1.066380e-02	-9.000000e+01	5.779528e-03	9.000000e+01	7.556289e+00	-1.106852e-15	-1.421135e+00	-2.238269e-16	-7.705412e-01	-6.056720e-17	5.038181e+02	-7.367183e-14	-9.455443e+01	-1.486933e-14	-5.135274e+01	-4.087287e-15
3.000000e-02	2.267034e-01	1.350031e-13	-4.259176e-02	-9.000000e+01	2.311249e-02	9.000000e+01	1.511552e+01	-3.356066e-15	-2.833811e+00	-8.852130e-16	-1.540333e+00	-2.360568e-16	5.041123e+02	-1.119759e-13	-9.370816e+01	-2.997368e-14	-5.127783e+01	-6.928684e-15
4.500000e-02	5.101654e-01	1.278977e-13	-9.559343e-02	-9.000000e+01	5.198203e-02	9.000000e+01	2.268063e+01	-3.451490e-15	-4.229547e+00	-1.034690e-15	-2.308629e+00	5.435518e-17	5.046014e+02	-7.781122e-14	-9.229523e+01	-2.355783e-14	-5.115345e+01	1.787460e-15
6.000000e-02	9.071663e-01	1.350031e-13	-1.693508e-01	-9.000000e+01	9.236018e-02	9.000000e+01	3.025453e+01	-5.781356e-15	-5.599816e+00	-1.698988e-15	-3.074692e+00	-1.615125e-16	5.052836e+02	-9.694247e-14	-9.031192e+01	-2.856831e-14	-5.098032e+01	-2.328998e-15
7.500000e-02	1.417860e+00	1.350031e-13	-2.634176e-01	-9.000000e+01	1.442080e-01	9.000000e+01	3.784009e+01	-7.563347e-15	-6.936027e+00	-2.279812e-15	-3.837799e+00	-2.453748e-16	5.061561e+02	-1.021876e-13	-8.775305e+01	-3.053053e-14	-5.075943e+01	-3.258059e-15
9.000000e-02	2.042442e+00	9.237056e-14	-3.772180e-01	-9.000000e+01	2.074758e-01	9.000000e+01	4.544015e+01	-2.370604e-15	-8.229497e+00	-5.963540e-16	-4.597243e+00	5.963540e-16	5.072157e+02	-2.699334e-14	-8.461199e+01	-6.654627e-15	-5.049206e+01	6.943778e-15
1.050000e-01	2.781150e+00	7.815970e-14	-5.100449e-01	-9.000000e+01	2.821035e-01	9.000000e+01	5.305748e+01	-1.313915e-15	-9.471435e+00	4.565835e-16	-5.352337e+00	1.739366e-16	5.084579e+02	-1.321252e-14	-8.088065e+01	4.391122e-15	-5.017975e+01	2.258167e-15
1.200000e-01	3.634266e+00	1.065814e-13	-6.610588e-01	-9.000000e+01	3.680209e-01	9.000000e+01	6.069477e+01	-4.757347e-15	-1.065292e+01	-7.081704e-16	-6.102420e+00	-1.801486e-16	5.098775e+02	-4.088360e-14	-7.654954e+01	-5.609455e-15	-4.982432e+01	-1.286277e-15
1.350000e-01	4.602107e+00	1.065814e-13	-8.292848e-01	-9.000000e+01	4.651479e-01	9.000000e+01	6.835466e+01	-6.700561e-15	-1.176487e+01	-7.283594e-16	-6.846861e+00	-9.939233e-16	5.114682e+02	-5.137360e-14	-7.160778e+01	-4.923803e-15	-4.942784e+01	-7.098593e-15
1.500000e-01	5.685031e+00	1.634248e-13	-1.013611e+00	-9.000000e+01	5.733955e-01	9.000000e+01	7.603964e+01	-1.206992e-14	-1.279804e+01	-4.534775e-15	-7.585061e+00	1.366645e-16	5.132228e+02	-8.545374e-14	-6.604316e+01	-3.023313e-14	-4.899266e+01	-6.852636e-17
1.650000e-01	6.883433e+00	9.237056e-14	-1.212785e+00	-9.000000e+01	6.926658e-01	9.000000e+01	8.375212e+01	-4.191068e-15	-1.374298e+01	2.556247e-15	-8.316460e+00	-3.006618e-15	5.151327e+02	-3.338452e-14	-5.984213e+01	1.290858e-14	-4.852134e+01	-1.620930e-14
1.800000e-01	8.197743e+00	9.237056e-14	-1.425411e+00	-9.000000e+01	8.228527e-01	9.000000e+01	9.149435e+01	3.676325e-15	-1.459005e+01	4.312695e-15	-9.040535e+00	-1.310736e-15	5.171883e+02	1.189797e-14	-5.298989e+01	2.047016e-14	-4.801672e+01	-4.005200e-15
1.950000e-01	9.628423e+00	1.350031e-13	-1.649947e+00	-9.000000e+01	9.638428e-01	9.000000e+01	9.926844e+01	-6.870521e-14	-1.532934e+01	-1.590433e-14	-9.756810e+00	2.335720e-15	5.193785e+02	-3.659626e-13	-4.547043e+01	-8.170982e-14	-4.748185e+01	6.989688e-15
2.100000e-01	1.117597e+01	1.207923e-13	-1.884702e+00	-9.000000e+01	1.115516e+00	9.000000e+01	1.070763e+02	-6.370650e-14	-1.595074e+01	-1.508434e-14	-1.046486e+01	4.758408e-15	5.216908e+02	-3.070370e-13	-3.726662e+01	-6.640340e-14	-4.692000e+01	1.747131e-14
2.250000e-01	1.284089e+01	1.350031e-13	-2.127828e+00	-9.000000e+01	1.277745e+00	9.000000e+01	1.149197e+02	-7.091494e-14	-1.644383e+01	-1.613883e-14	-1.116429e+01	3.528428e-15	5.241111e+02	-3.330600e-13	-2.836021e+01	-7.235141e-14	-4.633466e+01	1.062683e-14
2.400000e-01	1.462374e+01	9.947598e-14	-2.377322e+00	-9.000000e+01	1.450400e+00	9.000000e+01	1.228001e+02	-7.030616e-14	-1.679793e+01	-1.226719e-14	-1.185480e+01	1.205132e-15	5.266236e+02	-3.094911e-13	-1.873198e+01	-5.035775e-14	-4.572952e+01	1.677246e-15
2.550000e-01	1.652508e+01	1.350031e-13	-2.631016e+00	-9.000000e+01	1.633343e+00	9.000000e+01	1.307188e+02	-8.599630e-14	-1.700208e+01	-1.874011e-14	-1.253610e+01	1.006347e-15	5.292107e+02	-3.642107e-13	-8.361782e+00	-7.365283e-14	-4.510846e+01	-3.032631e-15
2.700000e-01	1.854550e+01	8.526513e-14	-2.886578e+00	-9.000000e+01	1.826436e+00	9.000000e+01	1.386767e+02	8.878881e-14	-1.704497e+01	2.115193e-14	-1.320799e+01	-9.566512e-16	5.318531e+02	3.212025e-13	2.771335e+00	6.656802e-14	-4.447554e+01	5.892490e-15
2.850000e-01	2.068559e+01	9.947598e-14	-3.141501e+00	-9.000000e+01	2.029535e+00	9.000000e+01	1.466745e+02	8.070753e-14	-1.691501e+01	1.822607e-14	-1.387033e+01	-3.615396e-15	5.345291e+02	2.979750e-13	1.468905e+01	6.482554e-14	-4.383501e+01	-3.846017e-15
3.000000e-01	2.294594e+01	1.421085e-13	-3.393104e+00	-9.000000e+01	2.242497e+00	9.000000e+01	1.547126e+02	-1.523702e-14	-1.660027e+01	-7.743284e-15	-1.452302e+01	1.726942e-15	5.372150e+02	-7.458169e-14	2.741364e+01	-3.174653e-14	-4.319125e+01	-1.349562e-15
3.150000e-01	2.532717e+01	9.237056e-14	-3.638524e+00	-9.000000e+01	2.465178e+00	9.000000e+01	1.627909e+02	-4.679082e-15	-1.608846e+01	-1.397705e-16	-1.516607e+01	-1.118164e-15	5.398849e+02	4.836730e-15	4.096785e+01	1.157299e-14	-4.254883e+01	-3.714788e-15
3.300000e-01	2.782987e+01	1.065814e-13	-3.874710e+00	-9.000000e+01	2.697432e+00	9.000000e+01	1.709090e+02	1.731367e-14	-1.536697e+01	5.730589e-15	-1.579952e+01	2.310872e-15	5.425105e+02	5.222242e-14	5.537479e+01	1.529089e-14	-4.191244e+01	1.329994e-14
3.450000e-01	3.045463e+01	9.947598e-14	-4.098420e+00	-9.000000e+01	2.939116e+00	9.000000e+01	1.790659e+02	4.194457e-15	-1.442283e+01	4.298718e-15	-1.642350e+01	-2.907226e-15	5.450609e+02	4.865063e-15	7.065779e+01	1.234950e-14	-4.128693e+01	-3.543958e-15
3.600000e-01	3.320203e+01	1.207923e-13	-4.306215e+00	-9.000000e+01	3.190090e+00	9.000000e+01	1.872602e+02	-1.086982e-13	-1.324274e+01	-2.233532e-14	-1.703821e+01	1.329372e-15	5.475026e+02	-3.111040e-13	8.684021e+01	-4.952844e-14	-4.067727e+01	-7.615938e-15
3.750000e-01	3.607261e+01	1.563194e-13	-4.494454e+00	-9.000000e+01	3.450217e+00	9.000000e+01	1.954902e+02	-1.142355e-13	-1.181301e+01	-2.819015e-14	-1.764392e+01	3.925997e-15	5.497995e+02	-3.302975e-13	1.039453e+02	-6.525728e-14	-4.008857e+01	-4.749090e-15
3.900000e-01	3.906690e+01	1.278977e-13	-4.659287e+00	-9.000000e+01	3.719365e+00	9.000000e+01	2.037533e+02	1.110905e-13	-1.011965e+01	1.947469e-14	-1.824099e+01	-3.540852e-15	5.519126e+02	2.734812e-13	1.219962e+02	3.821014e-14	-3.952606e+01	-1.074680e-15
4.050000e-01	4.218536e+01	7.105427e-14	-4.796653e+00	-9.000000e+01	3.997406e+00	9.000000e+01	2.120465e+02	2.016932e-14	-8.148284e+00	8.373804e-15	-1.882986e+01	-1.080892e-15	5.538000e+02	6.327943e-14	1.410155e+02	2.637003e-14	-3.899512e+01	2.723971e-15
4.200000e-01	4.542843e+01	9.237056e-14	-4.902272e+00	-9.000000e+01	4.284222e+00	9.000000e+01	2.203660e+02	1.863205e-14	-5.884230e+00	9.554088e-15	-1.941103e+01	-4.124782e-15	5.554171e+02	1.055388e-14	1.610252e+02	1.069710e-14	-3.850125e+01	-3.421270e-15
4.350000e-01	4.879645e+01	1.065814e-13	-4.971642e+00	-9.000000e+01	4.579701e+00	9.000000e+01	2.287074e+02	-1.157497e-13	-3.312469e+00	-1.953059e-14	-1.998511e+01	-1.739366e-15	5.567160e+02	-3.055606e-13	1.820466e+02	-4.019177e-14	-3.805010e+01	-1.665598e-14
4.500000e-01	5.228973e+01	1.492140e-13	-5.000031e+00	-9.000000e+01	4.883743e+00	9.000000e+01	2.370656e+02	1.493399e-13	-4.176708e-01	2.518974e-14	-2.055278e+01	-7.951387e-16	5.576461e+02	2.730722e-13	2.041001e+02	2.261176e-14	-3.764744e+01	6.730725e-15
4.650000e-01	5.590847e+01	9.237056e-14	-4.982479e+00	-9.000000e+01	5.196257e+00	9.000000e+01	2.454347e+02	3.630097e-14	2.815790e+00	9.488862e-15	-2.111481e+01	4.969617e-16	5.581534e+02	1.187023e-13	2.272048e+02	3.891831e-14	-3.729926e+01	1.300409e-14
4.800000e-01	5.965279e+01	1.065814e-13	-4.913785e+00	-9.000000e+01	5.517164e+00	9.000000e+01	2.538078e+02	-1.048708e-13	6.403821e+00	-1.812357e-14	-2.167206e+01	1.838758e-15	5.581811e+02	-2.248478e-13	2.513789e+02	-1.990953e-14	-3.701168e+01	-2.389299e-15
4.950000e-01	6.352269e+01	1.136868e-13	-4.788510e+00	-9.000000e+01	5.846399e+00	9.000000e+01	2.621774e+02	2.844333e-14	1.036259e+01	7.609726e-15	-2.222549e+01	-3.453884e-15	5.576693e+02	8.177601e-16	2.766387e+02	-2.279812e-15	-3.679105e+01	-5.593148e-15
5.100000e-01	6.751805e+01	1.350031e-13	-4.600972e+00	-9.000000e+01	6.183914e+00	9.000000e+01	2.705349e+02	2.335453e-14	1.470849e+01	6.351791e-16	-2.277616e+01	-1.043620e-15	5.565550e+02	-1.470698e-14	3.029993e+02	-1.484673e-14	-3.664396e+01	-1.259332e-14
5.250000e-01	7.163863e+01	9.237056e-14	-4.345237e+00	-9.000000e+01	6.529676e+00	9.000000e+01	2.788707e+02	-1.147324e-13	1.945813e+01	-1.689825e-14	-2.332521e+01	-3.255099e-15	5.547722e+02	-2.182144e-13	3.304738e+02	-8.522893e-15	-3.657725e+01	-1.092306e-14
5.400000e-01	7.588401e+01	1.065814e-13	-4.015125e+00	-9.000000e+01	6.883669e+00	9.000000e+01	2.871743e+02	6.347454e-14	2.462833e+01	1.110399e-14	-2.387391e+01	4.298718e-15	5.522521e+02	6.421505e-14	3.590736e+02	-3.814181e-15	-3.659808e+01	9.270665e-15
5.550000e-01	8.025364e+01	9.947598e-14	-3.604200e+00	-9.000000e+01	7.245899e+00	9.000000e+01	2.954342e+02	-1.016683e-13	3.023602e+01	-1.919204e-14	-2.442363e+01	3.329643e-15	5.489230e+02	-1.715839e-13	3.888082e+02	-1.334342e-14	-3.671397e+01	-2.126841e-15
5.700000e-01	8.474676e+01	9.947598e-14	-3.105772e+00	-9.000000e+01	7.616391e+00	9.000000e+01	3.036376e+02	-1.189440e-13	3.629828e+01	-2.125909e-14	-2.497585e+01	-2.609049e-15	5.447104e+02	-2.653788e-13	4.196847e+02	-3.171858e-14	-3.693284e+01	-2.579309e-14
5.850000e-01	8.936242e+01	4.973799e-13	-2.512893e+00	-9.000000e+01	7.995194e+00	9.000000e+01	3.117707e+02	-1.041715e-13	4.283229e+01	-8.210583e-14	-2.553217e+01	2.907226e-14	5.395373e+02	-3.746763e-13	4.517084e+02	-1.121394e-13	-3.726311e+01	-8.160344e-14
6.000000e-01	9.409945e+01	4.831691e-13	-1.818358e+00	-9.000000e+01	8.382385e+00	9.000000e+01	3.198185e+02	-8.117208e-14	4.985528e+01	-7.546984e-14	-2.609434e+01	3.324674e-14	5.333240e+02	-3.282946e-13	4.848823e+02	-1.029083e-13	-3.771373e+01	-6.913824e-14
6.150000e-01	9.895647e+01	3.552714e-13	-1.014703e+00	-9.000000e+01	8.778063e+00	9.000000e+01	3.277648e+02	-5.340729e-14	5.738451e+01	-1.464484e-14	-2.666423e+01	2.335720e-15	5.259886e+02	-1.451923e-13	5.192074e+02	-1.884727e-14	-3.829431e+01	-1.825402e-14
6.300000e-01	1.039318e+02	3.410605e-13	-9.420504e-02	-9.000000e+01	9.182361e+00	9.000000e+01	3.355920e+02	-5.549049e-14	6.543723e+01	-1.193795e-14	-2.724386e+01	9.939233e-17	5.174469e+02	-1.407039e-13	5.546824e+02	-1.155436e-14	-3.901520e+01	-1.924950e-14
6.450000e-01	1.090235e+02	3.268497e-13	9.511181e-01	-9.000000e+01	9.595439e+00	9.000000e+01	3.432817e+02	-3.052967e-14	7.403071e+01	-6.381298e-15	-2.783544e+01	6.435654e-15	5.076128e+02	-9.570632e-14	5.913047e+02	-1.097043e-14	-3.988759e+01	-1.455166e-15
6.600000e-01	1.142295e+02	3.694822e-13	2.129506e+00	-9.000000e+01	1.001750e+01	9.000000e+01	3.508135e+02	-6.059909e-14	8.318209e+01	-2.444663e-14	-2.844131e+01	7.106552e-15	4.963982e+02	-1.884847e-13	6.290694e+02	-3.835302e-14	-4.092369e+01	-2.815443e-14
6.750000e-01	1.195471e+02	3.339551e-13	3.449456e+00	-9.000000e+01	1.044876e+01	9.000000e+01	3.581662e+02	-4.600090e-14	9.290847e+01	-1.229825e-14	-2.906403e+01	5.168401e-15	4.837134e+02	-1.367046e-13	6.679701e+02	-1.856152e-14	-4.213683e+01	-1.461261e-14
6.900000e-01	1.249734e+02	3.552714e-13	4.919720e+00	-9.000000e+01	1.088951e+01	9.000000e+01	3.653171e+02	-8.775558e-14	1.032268e+02	-2.415700e-14	-2.970637e+01	-2.807833e-15	4.694671e+02	-2.207942e-13	7.079998e+02	-2.407779e-14	-4.354164e+01	-4.663015e-14
7.050000e-01	1.305054e+02	3.694822e-13	6.549306e+00	-9.000000e+01	1.134007e+01	9.000000e+01	3.722420e+02	-7.752125e-14	1.141541e+02	-2.526002e-14	-3.037132e+01	2.062391e-15	4.535667e+02	-2.159431e-13	7.491502e+02	-3.155707e-14	-4.515426e+01	-4.249372e-14
7.200000e-01	1.361394e+02	3.694822e-13	8.347470e+00	-9.000000e+01	1.180078e+01	9.000000e+01	3.789154e+02	-1.052020e-13	1.257069e+02	-3.076523e-14	-3.106213e+01	-4.696288e-15	4.359182e+02	-2.630068e-13	7.914135e+02	-2.850075e-14	-4.699257e+01	-6.316499e-14
7.350000e-01	1.418715e+02	3.552714e-13	1.032372e+01	-9.000000e+01	1.227208e+01	9.000000e+01	3.853099e+02	-5.191330e-14	1.379018e+02	-1.703734e-14	-3.178229e+01	7.280488e-15	4.164269e+02	-1.712076e-13	8.347810e+02	-2.856287e-14	-4.907640e+01	-2.562522e-14
7.500000e-01	1.476972e+02	3.481659e-13	1.248782e+01	-9.000000e+01	1.275442e+01	9.000000e+01	3.913974e+02	-9.485918e-14	1.507554e+02	-2.253527e-14	-3.253567e+01	-5.143553e-15	-6.487332e+02	2.220142e-14	4.772314e+02	4.301203e-14	3.533421e+01	-4.033135e-14
7.650000e-01	1.534949e+02	3.765876e-13	1.480148e+01	-9.000000e+01	1.323853e+01	9.000000e+01	3.816155e+02	-6.954883e-14	1.576411e+02	-2.536135e-14	-3.201659e+01	5.466578e-15	-6.551907e+02	-2.945230e-14	4.409017e+02	3.180555e-14	3.390022e+01	-5.871253e-14
7.800000e-01	1.591453e+02	3.339551e-13	1.721434e+01	-9.000000e+01	1.371502e+01	9.000000e+01	3.717484e+02	-5.207721e-14	1.639830e+02	-1.093471e-14	-3.151771e+01	3.329643e-15	-6.601867e+02	-1.071862e-14	4.047205e+02	1.213829e-14	3.264758e+01	-3.260923e-14
7.950000e-01	1.646471e+02	3.339551e-13	1.971826e+01	-9.000000e+01	1.418415e+01	9.000000e+01	3.618169e+02	-7.322372e-14	1.697838e+02	-1.386523e-14	-3.103630e+01	-3.130859e-15	-6.637828e+02	2.342021e-14	3.687656e+02	2.599110e-14	3.156802e+01	-2.828178e-14
8.100000e-01	1.699995e+02	3.481659e-13	2.230517e+01	-9.000000e+01	1.464618e+01	9.000000e+01	3.518416e+02	-9.248431e-14	1.750475e+02	-2.069069e-14	-3.056984e+01	-6.808375e-15	-6.660441e+02	4.302613e-14	3.331085e+02	4.221689e-14	3.065403e+01	-3.319393e-14
8.250000e-01	1.752022e+02	3.623768e-13	2.496703e+01	-9.000000e+01	1.510131e+01	9.000000e+01	3.418419e+02	-6.640515e-14	1.797789e+02	-1.997165e-14	-3.011589e+01	1.888454e-15	-6.670383e+02	-1.311698e-15	2.978131e+02	2.937043e-14	2.989877e+01	-4.493698e-14
8.400000e-01	1.802548e+02	3.410605e-13	2.769590e+01	-9.000000e+01	1.554971e+01	9.000000e+01	3.318364e+02	-8.107525e-14	1.839840e+02	-1.580804e-14	-2.967211e+01	-6.013236e-15	-6.668346e+02	4.488928e-14	2.629361e+02	3.303553e-14	2.929593e+01	-2.620386e-14
8.550000e-01	1.851573e+02	3.481659e-13	3.048395e+01	-9.000000e+01	1.599151e+01	9.000000e+01	3.218425e+02	-6.801805e-14	1.876693e+02	-1.598198e-14	-2.923628e+01	-1.615125e-15	-6.655034e+02	2.190656e-14	2.285274e+02	2.743228e-14	2.883965e+01	-3.326537e-14
8.700000e-01	1.899102e+02	3.197442e-13	3.332342e+01	-9.000000e+01	1.642683e+01	9.000000e+01	3.118766e+02	-4.727030e-14	1.908423e+02	-5.910738e-15	-2.880622e+01	3.727213e-16	-6.631155e+02	1.100281e-14	1.946306e+02	6.224445e-15	2.852448e+01	-2.227087e-14
8.850000e-01	1.945139e+02	3.552714e-13	3.620669e+01	-9.000000e+01	1.685572e+01	9.000000e+01	3.019540e+02	-8.856026e-14	1.935110e+02	-2.231979e-14	-2.837986e+01	-6.659286e-15	-6.597418e+02	5.719592e-14	1.612837e+02	4.687591e-14	2.834521e+01	-3.267523e-14
9.000000e-01	1.989691e+02	3.339551e-13	3.912627e+01	-9.000000e+01	1.727823e+01	9.000000e+01	2.920889e+02	-4.831467e-14	1.956838e+02	-7.081704e-15	-2.795521e+01	-1.490885e-16	-6.554529e+02	1.606350e-14	1.285196e+02	9.243487e-15	2.829688e+01	-2.327644e-14
9.150000e-01	2.032769e+02	3.126388e-13	4.207477e+01	-9.000000e+01	1.769437e+01	9.000000e+01	2.822946e+02	-6.383865e-14	1.973696e+02	-5.854830e-15	-2.753033e+01	-6.609590e-15	-6.503186e+02	5.611269e-14	9.636640e+01	1.464795e-14	2.837464e+01	-9.889537e-15
9.300000e-01	2.074384e+02	3.410605e-13	4.504497e+01	-9.000000e+01	1.810413e+01	9.000000e+01	2.725833e+02	-5.894126e-14	1.985779e+02	-9.591360e-15	-2.710336e+01	-3.478732e-15	-6.444078e+02	4.059175e-14	6.484804e+01	1.874788e-14	2.857373e+01	-2.011918e-14
9.450000e-01	2.114548e+02	3.836931e-13	4.802977e+01	-9.000000e+01	1.850745e+01	9.000000e+01	2.629659e+02	-7.992450e-14	1.993184e+02	-2.456233e-14	-2.667253e+01	-4.422959e-15	-6.377880e+02	5.751804e-14	3.398487e+01	5.251642e-14	2.888938e+01	-3.645835e-14
9.600000e-01	2.153279e+02	3.126388e-13	5.102223e+01	-9.000000e+01	1.890428e+01	9.000000e+01	2.534528e+02	-6.319899e-14	1.996008e+02	-4.454019e-15	-2.623612e+01	-8.050779e-15	-6.305254e+02	7.063115e-14	3.793995e+00	1.333100e-14	2.931680e+01	-4.054897e-15
9.750000e-01	2.190590e+02	3.481659e-13	5.401556e+01	-9.000000e+01	1.929450e+01	9.000000e+01	2.440531e+02	-7.346336e-14	1.994356e+02	-1.563255e-14	-2.579249e+01	-7.081704e-15	-6.226845e+02	7.520004e-14	-2.571020e+01	3.745849e-14	2.985109e+01	-1.851027e-14
9.900000e-01	2.226501e+02	3.694822e-13	5.700311e+01	-9.000000e+01	1.967801e+01	9.000000e+01	2.347749e+02	-8.475357e-14	1.988330e+02	-2.318947e-14	-2.534008e+01	-8.175019e-15	-6.143281e+02	9.366923e-14	-5.451565e+01	5.727483e-14	3.048721e+01	-2.363985e-14
1.005000e+00	2.261029e+02	3.410605e-13	5.997842e+01	-9.000000e+01	2.005465e+01	9.000000e+01	2.256255e+02	-8.014352e-14	1.978037e+02	-1.567293e-14	-2.487739e+01	-1.023741e-14	-6.055172e+02	1.048417e-13	-8.261215e+01	4.280082e-14	3.121993e+01	-9.594466e-15
1.020000e+00	2.294195e+02	3.055334e-13	6.293514e+01	-9.000000e+01	2.042427e+01	9.000000e+01	2.166113e+02	-4.598657e-14	1.963583e+02	-4.823634e-15	-2.440303e+01	-3.429036e-15	-5.963111e+02	4.673224e-14	-1.099911e+02	9.839841e-15	3.204384e+01	-1.242559e-14
1.035000e+00	2.326019e+02	2.913225e-13	6.586714e+01	-9.000000e+01	2.078668e+01	9.000000e+01	2.077379e+02	-5.937951e-14	1.945076e+02	-3.112222e-15	-2.391565e+01	-8.945310e-15	-5.867671e+02	8.832596e-14	-1.366449e+02	1.134315e-14	3.295327e+01	3.031466e-15
1.050000e+00	2.356524e+02	3.410605e-13	6.876840e+01	-9.000000e+01	2.114167e+01	9.000000e+01	1.990097e+02	-6.700801e-14	1.922626e+02	-1.200162e-14	-2.341403e+01	-8.423500e-15	-5.769407e+02	9.965142e-14	-1.625669e+02	3.421581e-14	3.394229e+01	-6.025660e-15
1.065000e+00	2.385730e+02	3.552714e-13	7.163310e+01	-9.000000e+01	2.148902e+01	9.000000e+01	1.904308e+02	-6.524906e-14	1.896343e+02	-1.732843e-14	-2.289701e+01	-6.112629e-15	-5.668856e+02	9.348301e-14	-1.877511e+02	4.726727e-14	3.500472e+01	-1.558907e-14
1.080000e+00	2.413660e+02	3.126388e-13	7.445557e+01	-9.000000e+01	2.182850e+01	9.000000e+01	1.820040e+02	-4.976623e-14	1.866338e+02	-4.919921e-15	-2.236355e+01	-6.038084e-15	-5.566536e+02	7.726444e-14	-2.121917e+02	1.421310e-14	3.613407e+01	-3.076503e-15
1.095000e+00	2.440339e+02	3.055334e-13	7.723031e+01	-9.000000e+01	2.215984e+01	9.000000e+01	1.737318e+02	-5.146291e-14	1.832723e+02	-7.094128e-15	-2.181269e+01	-6.162325e-15	-5.462949e+02	8.512935e-14	-2.358829e+02	2.089103e-14	3.732361e+01	-3.634032e-15
1.110000e+00	2.465788e+02	3.055334e-13	7.995199e+01	-9.000000e+01	2.248279e+01	9.000000e+01	1.656156e+02	-7.192106e-14	1.795610e+02	-7.830252e-15	-2.124358e+01	-1.316948e-14	-5.358579e+02	1.095347e-13	-2.588191e+02	2.928968e-14	3.856631e+01	2.458407e-15
1.125000e+00	2.490031e+02	3.623768e-13	8.261545e+01	-9.000000e+01	2.279705e+01	9.000000e+01	1.576562e+02	-5.032632e-14	1.755115e+02	-1.274396e-14	-2.065547e+01	-4.422959e-15	-5.253896e+02	8.877652e-14	-2.809943e+02	3.834680e-14	3.985490e+01	-1.074058e-14
1.140000e+00	2.513092e+02	2.842171e-13	8.521570e+01	-9.000000e+01	2.310235e+01	9.000000e+01	1.498538e+02	-7.399244e-14	1.711351e+02	-4.000541e-15	-2.004774e+01	-1.607671e-14	-5.149351e+02	1.442638e-13	-3.024020e+02	2.082269e-14	4.118185e+01	1.952128e-14
1.155000e+00	2.534995e+02	3.197442e-13	8.774792e+01	-9.000000e+01	2.339839e+01	9.000000e+01	1.422079e+02	-7.350813e-14	1.664433e+02	-9.370833e-15	-1.941986e+01	-1.431250e-14	-5.045384e+02	1.489375e-13	-3.230356e+02	3.765727e-14	4.253943e+01	1.316172e-14
1.170000e+00	2.555763e+02	3.481659e-13	9.020748e+01	-9.000000e+01	2.368485e+01	9.000000e+01	1.347172e+02	-6.037139e-14	1.614479e+02	-1.297691e-14	-1.877144e+01	-8.945310e-15	-4.942418e+02	1.493740e-13	-3.428878e+02	4.727969e-14	4.391973e+01	8.389334e-15
1.185000e+00	2.575418e+02	3.410605e-13	9.258990e+01	-9.000000e+01	2.396143e+01	9.000000e+01	1.273799e+02	-6.468209e-14	1.561606e+02	-1.230601e-14	-1.810220e+01	-1.095800e-14	-4.840862e+02	1.413707e-13	-3.619509e+02	4.719893e-14	4.531466e+01	6.570765e-15
1.200000e+00	2.593984e+02	3.268497e-13	9.489090e+01	-9.000000e+01	2.422781e+01	9.000000e+01	1.201937e+02	-5.800572e-14	1.505934e+02	-8.280624e-15	-1.741197e+01	-1.051074e-14	-4.741113e+02	1.373065e-13	-3.802167e+02	3.448293e-14	4.671604e+01	1.111563e-14
1.215000e+00	2.611483e+02	3.481659e-13	9.710636e+01	-9.000000e+01	2.448368e+01	9.000000e+01	1.131555e+02	-4.506757e-14	1.447581e+02	-9.122353e-15	-1.670073e+01	-6.199597e-15	-4.643554e+02	1.310903e-13	-3.976764e+02	3.648941e-14	4.811562e+01	7.971576e-15
1.230000e+00	2.627938e+02	3.055334e-13	9.923236e+01	-9.000000e+01	2.472873e+01	9.000000e+01	1.062618e+02	-5.599234e-14	1.386671e+02	-4.680758e-15	-1.596855e+01	-1.165375e-14	-4.548554e+02	1.622457e-13	-4.143211e+02	2.334167e-14	4.950512e+01	2.495213e-14
1.245000e+00	2.643369e+02	3.410605e-13	1.012652e+02	-9.000000e+01	2.496263e+01	9.000000e+01	9.950837e+01	-5.801967e-14	1.323326e+02	-8.305472e-15	-1.521566e+01	-1.155436e-14	-4.456470e+02	1.855249e-13	-4.301412e+02	3.959231e-14	5.087626e+01	2.670703e-14
1.260000e+00	2.657797e+02	2.984279e-13	1.032012e+02	-9.000000e+01	2.518509e+01	9.000000e+01	9.289071e+01	-3.399994e-14	1.257671e+02	-3.071844e-15	-1.444240e+01	-5.491426e-15	-4.367646e+02	1.236424e-13	-4.451270e+02	1.466658e-14	5.222088e+01	1.503076e-14
1.275000e+00	2.671243e+02	3.055334e-13	1.050371e+02	-9.000000e+01	2.539580e+01	9.000000e+01	8.640364e+01	-4.904610e-14	1.189830e+02	-3.065632e-15	-1.364921e+01	-1.087104e-14	-4.282411e+02	1.867585e-13	-4.592687e+02	1.911439e-14	5.353091e+01	3.544269e-14
1.290000e+00	2.683725e+02	3.126388e-13	1.067696e+02	-9.000000e+01	2.559447e+01	9.000000e+01	8.004152e+01	-3.937722e-14	1.119933e+02	-4.252128e-15	-1.283668e+01	-7.479273e-15	-4.201080e+02	1.545556e-13	-4.725562e+02	2.343485e-14	5.479845e+01	2.289518e-14
1.305000e+00	2.695261e+02	2.984279e-13	1.083959e+02	-9.000000e+01	2.578081e+01	9.000000e+01	7.379829e+01	-4.245842e-14	1.048107e+02	-2.584201e-15	-1.200551e+01	-9.454696e-15	-4.123955e+02	1.924479e-13	-4.849797e+02	1.675693e-14	5.601587e+01	3.838330e-14
1.320000e+00	2.705870e+02	3.055334e-13	1.099131e+02	-9.000000e+01	2.595455e+01	9.000000e+01	6.766741e+01	-3.478378e-14	9.744826e+01	-3.034572e-15	-1.115649e+01	-7.056856e-15	-4.051320e+02	1.693506e-13	-4.965292e+02	1.930851e-14	5.717576e+01	2.974044e-14
1.335000e+00	2.715567e+02	3.623768e-13	1.113185e+02	-9.000000e+01	2.611542e+01	9.000000e+01	6.164195e+01	-3.780624e-14	8.991922e+01	-6.988523e-15	-1.029056e+01	-7.181096e-15	-3.983445e+02	2.079903e-13	-5.071952e+02	4.584627e-14	5.827109e+01	3.405896e-14
1.350000e+00	2.724367e+02	3.126388e-13	1.126099e+02	-9.000000e+01	2.626319e+01	9.000000e+01	5.571457e+01	-2.944972e-14	8.223687e+01	-2.489467e-15	-9.408718e+00	-6.069144e-15	-3.920582e+02	1.789823e-13	-5.169684e+02	1.811736e-14	5.929517e+01	3.367381e-14
1.365000e+00	2.732286e+02	3.410605e-13	1.137849e+02	-9.000000e+01	2.639761e+01	9.000000e+01	4.987758e+01	-2.789928e-14	7.441468e+01	-4.674546e-15	-8.512091e+00	-5.211886e-15	-3.862967e+02	1.907282e-13	-5.258399e+02	3.524545e-14	6.024174e+01	3.224194e-14
1.380000e+00	2.739335e+02	3.552714e-13	1.148417e+02	-9.000000e+01	2.651848e+01	9.000000e+01	4.412294e+01	-2.651167e-14	6.646622e+01	-4.177584e-15	-7.601882e+00	-5.199461e-15	-3.810815e+02	2.094317e-13	-5.338017e+02	3.657948e-14	6.110501e+01	3.836350e-14
1.395000e+00	2.745526e+02	3.055334e-13	1.157784e+02	-9.000000e+01	2.662560e+01	9.000000e+01	3.844231e+01	-2.499207e-14	5.840521e+01	-1.686564e-15	-6.679383e+00	-5.671575e-15	-3.764322e+02	2.281587e-13	-5.408458e+02	1.727019e-14	6.187967e+01	5.080579e-14
1.410000e+00	2.750871e+02	3.055334e-13	1.165933e+02	-9.000000e+01	2.671881e+01	9.000000e+01	3.282706e+01	-1.898488e-14	5.024547e+01	-1.483120e-15	-5.745959e+00	-4.099934e-15	-3.723664e+02	2.041336e-13	-5.469655e+02	1.654649e-14	6.256097e+01	4.304455e-14
1.425000e+00	2.755377e+02	3.481659e-13	1.172853e+02	-9.000000e+01	2.679794e+01	9.000000e+01	2.726832e+01	-1.904415e-14	4.200090e+01	-2.868401e-15	-4.803042e+00	-4.012965e-15	-3.688994e+02	2.494141e-13	-5.521544e+02	3.942692e-14	6.314472e+01	5.145058e-14
1.440000e+00	2.759053e+02	3.126388e-13	1.178530e+02	-9.000000e+01	2.686286e+01	9.000000e+01	2.175701e+01	-1.367649e-14	3.368552e+01	-1.275794e-15	-3.852124e+00	-2.991088e-15	-3.660446e+02	2.252423e-13	-5.564074e+02	2.169238e-14	6.362731e+01	4.872433e-14
1.455000e+00	2.761906e+02	2.984279e-13	1.182956e+02	-9.000000e+01	2.691347e+01	9.000000e+01	1.628387e+01	-1.041491e-14	2.531338e+01	-7.749496e-16	-2.894744e+00	-2.366780e-15	-3.638128e+02	2.258486e-13	-5.597199e+02	1.161240e-14	6.400578e+01	5.192580e-14
1.470000e+00	2.763940e+02	2.700062e-13	1.186122e+02	-9.000000e+01	2.694968e+01	9.000000e+01	1.083947e+01	-6.899732e-15	1.689864e+01	-2.018907e-16	-1.932483e+00	-1.646186e-15	-3.622126e+02	2.286354e-13	-5.620884e+02	5.823284e-15	6.427779e+01	5.456961e-14
1.485000e+00	2.765159e+02	2.771117e-13	1.188024e+02	-9.000000e+01	2.697143e+01	9.000000e+01	5.414301e+00	-2.881114e-15	8.455464e+00	-8.619179e-17	-9.669508e-01	-6.367321e-16	-3.612500e+02	1.922444e-13	-5.635105e+02	5.408244e-15	6.444166e+01	4.254841e-14
1.500000e+00	2.765565e+02	2.913225e-13	1.188658e+02	-9.000000e+01	2.697868e+01	9.000000e+01	-1.237851e-03	3.762268e-19	-1.934255e-03	1.964953e-19	2.211984e-04	1.317552e-19	-3.609288e+02	2.078842e-13	-5.639845e+02	1.279098e-14	6.449638e+01	4.564897e-14


